11
27
29
13
7
20
14
6
-11
4
-7
-21
-4
-13
-9
-8
-23
-40
-48
-32
-26
-37
-52
-54
-51
-57
-59
-63
-65
-83
-89
-91
-73
-77
-70
-55
-66
-58
-62
-79
-98
-113
-130
-137
-125
-127
-132
-145
-149
-162
-180
-164
-152
-142
-128
-147
-134
-124
-116
-126
-123
-139
-146
-155
-174
-189
-208
-206
-199
-200
-193
-192
-212
-217
-227
-213
-203
-198
-185
-175
-160
-157
-173
-190
-171
-156
-154
-140
-151
-148
-159
-176
-184
-168
-181
-182
-166
-165
-153
-158
-138
-122
-112
-121
-129
-114
-118
-115
-110
-103
-102
-104
-85
-71
-76
-86
-90
-87
-69
-84
-67
-74
-64
-72
-82
-78
-68
-56
-45
-49
-53
-61
-50
-34
-38
-24
-22
-19
-35
-16
-25
-20
-3
16
-1
-5
8
23
17
37
49
64
47
60
53
39
50
62
52
68
58
66
77
69
85
90
93
89
104
88
92
94
99
107
119
126
134
138
157
143
145
153
165
151
170
185
171
154
149
156
136
131
127
141
120
124
116
109
123
105
98
80
67
48
40
56
59
51
65
75
84
102
87
101
100
118
133
150
161
177
166
173
160
146
140
129
142
130
128
137
125
135
117
111
103
112
115
121
132
147
162
167
186
201
209
197
180
172
191
193
202
204
210
200
178
169
188
183
179
182
196
195
175
190
207
206
225
217
228
215
232
241
250
268
275
267
278
294
303
302
317
336
311
312
306
314
310
323
300
315
318
304
305
330
381
370
375
380
367
384
397
413
430
447
465
481
497
492
472
453
468
454
439
433
442
441
436
423
399
412
394
365
368
378
364
393
372
383
396
420
443
426
445
444
437
432
452
457
446
449
429
416
421
409
401
405
382
351
369
319
292
276
291
270
244
233
187
176
164
159
158
152
155
174
181
214
223
234
248
280
316
331
239
261
242
224
216
192
220
148
163
144
110
106
95
91
108
122
96
73
55
45
44
83
78
97
113
139
114
74
63
82
71
72
79
24
3
76
579
1422
56358
56372
56360
56373
56366
56355
56363
56374
56385
56392
56405
56417
56426
56438
56439
56446
56427
56424
56419
56418
56398
56410
56421
56411
56403
56397
56414
56433
56434
56444
56425
56429
56448
56454
56458
56461
56467
56471
56483
56486
56488
56479
56482
56491
56476
56466
56457
56447
56451
56470
56481
56500
56502
56507
56516
56501
56513
56518
56527
56545
56533
56529
56536
56549
56543
56559
56575
56587
56580
56598
56601
56616
56604
56612
56593
56596
56599
56610
56607
56624
56614
56617
56597
56603
56586
56595
56611
56629
56637
56627
56615
56628
56635
56633
56622
56632
56630
56631
56626
56636
56649
56642
56656
56673
56672
56671
56679
56675
56691
56688
56704
56721
56725
56738
56735
56743
56728
56716
56730
56746
56741
56734
56748
56736
56719
56698
56697
56681
56685
56692
56678
56666
56682
56670
56658
56650
56647
56645
56641
56657
56643
56651
56669
56661
56659
56646
56648
56665
56680
56693
56705
56701
56720
56712
56706
56711
56695
56709
56694
56676
56689
56708
56699
56722
56717
56710
56715
56727
56745
56744
56764
56757
56751
56742
56731
56737
56732
56733
56740
56754
56752
56759
56761
56775
56772
56763
56778
56776
56788
56792
56787
56795
56804
56800
56802
56815
56811
56807
56797
56801
56799
56812
56810
56798
56824
56826
56843
56863
56883
56888
56867
56879
56874
56860
56864
56876
56885
56871
56870
56880
56875
56861
56856
56839
56827
56819
56831
56842
56833
56851
56853
56841
56848
56854
56846
56852
56834
56813
56805
56806
56818
56793
56782
56786
56770
56760
56779
56791
56781
56780
56756
56749
56753
56762
56758
56739
56767
56768
56773
56765
56747
56755
56726
56700
56683
56687
56668
56660
56654
56662
56677
56713
56707
56702
56684
56690
56686
56667
56663
56652
56655
56639
56638
56640
56653
56674
56664
56696
56724
56729
56750
56714
56703
56613
56602
56619
56608
56618
56621
56623
56634
56609
56592
56583
56574
56594
56577
56558
56541
56540
56546
56544
56554
56542
56547
56538
56550
56566
56569
56551
56552
56567
56564
56556
56571
56589
56600
56605
56585
56573
56579
56576
56563
56582
56565
56584
56561
56562
56548
56568
56581
56588
56591
56570
56553
56530
56522
56504
56520
56525
56532
56526
56517
56498
56480
56497
56514
56492
56509
56524
56512
56503
56494
56508
56499
56490
56493
56485
56478
56455
56462
56484
56521
56535
56557
56537
56528
56505
56523
56515
56510
56519
56506
56531
56539
56511
56534
56495
56487
56436
56406
56409
56378
56379
56383
56555
56572
56590
56560
56578
56625
56644
56620
56606
56723
56718
56886
56900
56884
56823
58551
112990
112982
112997
113002
113000
112999
112987
112984
112994
113009
113019
113005
113020
113012
113023
113033
113021
113032
113044
113061
113051
113045
113026
113007
113025
113013
113010
113003
112992
112979
112969
112978
112965
112974
112959
112975
112977
112993
113006
112989
113008
113024
113040
113030
113018
113011
113016
113001
113015
113034
113022
113039
113047
113029
113046
113042
113043
113049
113036
113031
113054
113035
113027
113014
112983
112971
112968
112973
112970
112981
112980
112960
112952
112957
112955
112953
112935
112936
112917
112912
112909
112922
112937
112947
112939
112925
112941
112927
112945
112934
112940
112930
112926
112931
112916
112924
112907
112900
112888
112876
112886
112892
112880
112863
112864
112872
112889
112906
112895
112914
112896
112897
112883
112881
112866
112860
112859
112843
112844
112841
112847
112829
112830
112813
112821
112840
112858
112853
112865
112871
112856
112875
112867
112851
112869
112884
112878
112879
112862
112852
112848
411